possible_screen_max_XY_1 = (250.000000,231.994312)
possible_screen_max_XY_2 = (250.000000,427.561242)
possible_screen_max_XY_3 = (198.770774,200.376667)
possible_screen_max_XY_4 = (205.210927,394.275858)
possible_screen_max_XY_5 = (301.229226,200.376667)
possible_screen_max_XY_6 = (250.000000,170.779149)
possible_screen_max_XY_7 = (294.789073,394.275858)
possible_screen_max_XY_8 = (250.000000,362.857304)
