possible_screen_max_XY_1 = (284.980393,198.982687)
possible_screen_max_XY_2 = (284.046524,280.413705)
possible_screen_max_XY_3 = (262.307795,250.547355)
possible_screen_max_XY_4 = (261.941409,339.812750)
possible_screen_max_XY_5 = (239.064211,196.328193)
possible_screen_max_XY_6 = (211.138312,247.228344)
possible_screen_max_XY_7 = (239.354428,277.345726)
possible_screen_max_XY_8 = (212.287511,336.000763)
