possible_screen_max_XY_1 = (189.608881,188.351381)
possible_screen_max_XY_2 = (211.209346,385.662786)
possible_screen_max_XY_3 = (251.310370,168.602510)
possible_screen_max_XY_4 = (265.726272,364.795369)
possible_screen_max_XY_5 = (219.465356,221.435559)
possible_screen_max_XY_6 = (283.276420,200.174012)
possible_screen_max_XY_7 = (238.426071,422.645780)
possible_screen_max_XY_8 = (294.578296,400.328391)
