box_vertex_1 = (0.800000,0.160000,2.400000)
box_vertex_2 = (0.800000,-2.880000,2.400000)
box_vertex_3 = (0.800000,0.160000,-2.400000)
box_vertex_4 = (0.800000,-2.880000,-2.400000)
box_vertex_5 = (-0.800000,0.160000,2.400000)
box_vertex_6 = (-0.800000,0.160000,-2.400000)
box_vertex_7 = (-0.800000,-2.880000,2.400000)
box_vertex_8 = (-0.800000,-2.880000,-2.400000)
possible_screen_max_XY_1 = (22.375893,22.613829)
possible_screen_max_XY_2 = (22.461502,28.260965)
possible_screen_max_XY_3 = (30.543394,27.280342)
possible_screen_max_XY_4 = (30.352724,33.073661)
possible_screen_max_XY_5 = (19.656949,24.113116)
possible_screen_max_XY_6 = (27.824654,28.954725)
possible_screen_max_XY_7 = (19.834307,29.809143)
possible_screen_max_XY_8 = (27.725706,34.796201)
